75
20
21
19
35
14
60
93
19
4
3
18
94
60
35
14
63
13
85
67
87
50
87
26
95
56
77
20
91
26
97
30
32
78
27
46
52
67
27
32
89
69
49
74
3
36
68
66
39
34
92
86
51
30
57
0
38
62
67
55
12
70
74
59
80
17
40
49
53
12
45
12
77
52
14
27
79
67
51
82
66
26
54
47
39
38
80
98
57
42
65
37
61
89
58
13
20
85
71
31
1
80
18
72
41
11
0
88
87
0
40
15
92
95
64
23
16
88
12
0
62
94
96
11
40
46
76
19
87
28
62
73
11
24
27
29
63
57
62
52
69
95
71
8
11
61
97
58
34
1
58
31
92
82
61
21
79
91
32
6
41
45
53
15
48
42
93
64
20
34
78
36
53
54
0
31
56
31
45
70
16
95
91
89
36
3
53
50
26
45
90
71
75
89
59
97
3
70
18
55
76
25
72
88
64
12
39
75
65
73
22
44
57
43
22
53
53
93
11
3
6
98
47
41
94
38
98
85
13
13
36
4
86
89
63
72
54
15
4
27
90
45
53
38
43
30
66
84
88
37
20
93
54
58
63
76
87
5
65
35
15
98
44
71
55
19
74
33
53
70
53
7
54
70
56
5
94
22
56
22
18
24
62
20
57
18
15
41
42
59
90
10
40
0
7
69
45
53
60
46
